0.000000
0.004670
0.019860
0.013204
-0.000531
-0.014855
-0.010721
-0.010420
-0.005550
0.010038
0.019047
0.009095
0.000887
-0.007454
-0.021706
0.002135
0.001390
-0.005438
0.006187
0.018302
0.003090
-0.000342
-0.007830
-0.008857
-0.009609
-0.006149
0.011103
0.010256
0.004416
0.015801
0.003949
-0.008838
-0.026446
-0.023871
0.018054
0.036797
0.024721
0.008506
0.001842
-0.009108
-0.011152
0.005449
0.040987
0.061304
0.049571
0.043941
0.029568
0.044252
0.065770
0.117235
0.153658
0.168175
0.152762
0.197447
0.226815
0.282372
0.347181
0.427668
0.502671
0.518450
0.563886
0.672283
0.759663
0.853537
0.973359
1.051164
1.143100
1.238234
1.293377
1.353034
1.424474
1.475494
1.508082
1.532587
1.507986
1.457326
1.384764
1.278913
1.119756
0.929496
0.752380
0.552034
0.323565
0.071510
-0.199334
-0.466831
-0.736126
-0.978157
-1.224681
-1.442530
-1.614145
-1.740913
-1.838571
-1.893667
-1.904900
-1.909759
-1.875870
-1.810223
-1.728137
-1.639301
-1.527318
-1.384100
-1.239671
-1.122648
-0.993127
-0.842050
-0.735778
-0.645531
-0.560672
-0.442536
-0.319499
-0.222647
-0.082762
0.011139
0.035694
0.082741
0.097601
0.059585
0.044286
-0.028008
-0.129138
-0.229716
-0.338074
-0.487696
-0.622284
-0.749307
-0.852063
-0.870154
-0.854038
-0.811995
-0.761415
-0.676649
-0.576838
-0.465050
-0.344579
-0.231515
-0.086707
0.066768
0.254133
0.419534
0.552434
0.684935
0.770592
0.829144
0.844103
0.866727
0.885059
0.859805
0.820924
0.782070
0.732022
0.656071
0.600080
0.553996
0.514896
0.469833
0.438405
0.422973
0.407685
0.393617
0.346898
0.270339
0.183433
0.099570
0.037799
-0.063562
-0.156538
-0.207991
-0.273827
-0.293544
-0.276465
-0.246950
-0.206265
-0.154579
-0.093806
-0.044455
0.011205
0.021466
0.024699
0.021257
0.029669
0.040802
0.050915
0.070444
0.093492
0.125651
0.131665
0.112474
0.080269
0.032038
-0.012003
-0.065121
-0.086289
-0.111923
-0.124831
-0.108030
-0.093042
-0.053502
-0.013185
0.000000
