0.000000
0.000000
0.000000
0.158717
0.313410
0.460158
0.595239
0.715231
0.817090
0.898235
0.956607
0.990728
0.999733
0.983392
0.942121
0.876966
0.789578
0.682173
0.557473
0.418641
0.269195
0.112925
-0.046208
-0.204170
-0.356955
-0.500691
-0.631734
-0.746761
-0.842857
-0.917584
-0.969050
-0.995948
-0.997597
-0.973956
-0.925623
-0.853824
-0.760379
-0.647657
-0.518515
-0.376229
-0.224405
-0.066892
0.092318
0.249187
0.399738
0.540156
0.666879
0.776696
0.866823
0.934974
0.979422
0.999040
0.993330
0.962438
0.907146
0.828857
0.729555
0.611757
0.478451
0.333014
0.179136
0.020715
-0.138230
-0.293671
-0.441667
-0.578466
-0.700600
-0.804972
-0.888937
-0.950366
-0.987702
-0.999997
-0.986941
-0.948864
-0.886732
-0.802120
-0.697173
-0.574551
-0.437364
-0.289088
-0.133484
0.025506
0.183847
0.337528
0.482652
0.615540
0.732824
0.831528
0.909152
0.963728
0.993871
0.998818
0.978444
0.933264
0.864424
0.773669
0.663302
0.536117
0.395342
0.244544
0.087546
-0.071671
-0.229071
-0.380665
-0.522606
-0.651300
-0.763482
-0.856307
-0.927425
-0.975031
-0.997918
-0.995506
-0.967856
-0.915669
-0.840269
-0.743566
-0.628013
-0.496538
-0.352476
-0.199478
-0.041421
0.117685
0.273806
0.422987
0.561445
0.685667
0.792509
0.879258
0.943717
0.984251
0.999832
0.990066
0.955201
0.896119
0.814318
0.711874
0.591383
0.455899
0.308856
0.153986
-0.004791
-0.163445
-0.317957
-0.464405
-0.599082
-0.718571
-0.819843
-0.900330
-0.957992
-0.991368
-0.999611
-0.982512
-0.940504
-0.874653
-0.786629
-0.678661
-0.553489
-0.414286
-0.264578
-0.108163
0.050994
0.208857
0.361427
0.504833
0.635440
0.749939
0.845425
0.919479
0.970221
0.996367
0.997254
0.972858
0.923799
0.851320
0.757258
0.643999
0.514413
0.371786
0.219734
0.062111
-0.097087
-0.253824
-0.404124
-0.544181
-0.670442
-0.779706
-0.869202
-0.936663
-0.980378
-0.999238
-0.992766
-0.961126
-0.905120
-0.826168
-0.726270
-0.607960
-0.474239
-0.328493
-0.174420
0.000000
