0.000000
0.002235
0.003139
0.002694
0.002116
0.000664
-0.000589
-0.000702
-0.001212
-0.002342
-0.002485
-0.002368
-0.001966
-0.000864
0.000464
0.002242
0.003623
0.004030
0.003811
0.002423
0.000710
-0.001110
-0.003625
-0.003557
-0.002834
-0.002785
-0.002643
-0.002301
-0.000986
0.000869
0.002656
0.004131
0.004065
0.003756
0.003001
0.001075
-0.000307
-0.001067
-0.002545
-0.003184
-0.003313
-0.003109
-0.002760
-0.002090
-0.000507
0.001075
0.001655
0.002798
0.003746
0.003372
0.002876
0.001905
0.000340
-0.000550
-0.000915
-0.002138
-0.003618
-0.004158
-0.002575
-0.001733
-0.000430
0.000393
0.001199
0.002638
0.002735
0.002491
0.002183
0.001791
0.000665
-0.000546
-0.001468
-0.002579
-0.002539
-0.002099
-0.000506
-0.000045
0.000665
0.001329
0.001003
0.000763
0.001102
0.000103
-0.000495
-0.000585
-0.000633
-0.001228
-0.002017
-0.000509
0.000497
0.001606
0.002185
0.002294
0.002158
0.001682
0.000157
-0.001294
-0.002351
-0.002418
-0.002181
-0.002416
-0.003047
-0.001514
-0.000211
0.000682
0.002672
0.004001
0.003740
0.003640
0.002445
0.001658
0.000187
-0.001710
-0.002880
-0.003390
-0.003902
-0.003841
-0.002972
-0.001622
-0.000756
0.001125
0.002816
0.003315
0.004523
0.003933
0.003394
0.001286
0.000071
-0.000526
-0.002389
-0.003760
-0.004029
-0.003195
-0.002646
-0.001075
0.000207
0.001033
0.002308
0.002512
0.002764
0.002211
0.002028
0.000599
-0.000995
-0.001765
-0.001743
-0.001909
-0.001305
-0.000849
0.000546
0.001208
0.000830
0.001233
0.000968
0.000039
-0.000926
-0.000212
-0.000860
-0.001299
-0.000969
-0.001019
0.000201
0.000980
0.000926
0.001877
0.001081
0.000731
0.000814
-0.000597
-0.001667
-0.001023
-0.000945
-0.000222
0.000078
0.000958
0.001088
0.000951
0.000270
-0.000151
-0.000598
-0.001642
-0.002292
-0.001978
-0.002117
-0.000268
0.000868
0.001502
0.003241
0.003725
0.003904
0.003291
0.002504
0.000241
-0.002896
-0.005096
-0.005388
-0.004742
-0.004247
-0.002863
-0.001239
0.001376
0.003304
0.004745
0.005684
0.004677
0.004033
0.002962
0.000679
-0.001751
-0.003201
-0.004758
-0.005379
-0.004287
-0.001990
-0.000464
0.000485
0.000632
0.001706
0.002667
0.002044
0.002971
0.002294
0.000689
0.000113
-0.001691
-0.001415
-0.000913
-0.001116
-0.001250
-0.000604
0.000119
0.000991
0.000984
-0.000125
0.000256
0.000626
0.000708
0.000112
-0.000160
-0.001767
-0.001817
-0.001402
-0.000844
-0.000118
0.000280
0.000871
0.001435
0.001132
0.002134
0.002540
0.001325
0.000312
0.000254
-0.000757
-0.001941
-0.002350
-0.001361
-0.001338
-0.001985
-0.000865
-0.000328
0.000040
0.000173
-0.000117
0.000722
0.001393
0.001629
0.001439
0.001181
0.001414
0.002247
0.002390
0.001310
0.000203
-0.001202
-0.002427
-0.003228
-0.004291
-0.004805
-0.003265
-0.002166
-0.000668
0.001479
0.002751
0.004760
0.005419
0.004636
0.004226
0.002284
0.000234
-0.002765
-0.003526
-0.004573
-0.004157
-0.003896
-0.002020
0.000072
0.000433
0.001772
0.004000
0.003976
0.002295
0.001321
-0.000688
-0.001829
-0.002389
-0.002423
-0.002775
-0.001760
-0.000043
0.000930
0.001585
0.001886
0.002773
0.003225
0.003043
0.001404
-0.000342
-0.000521
-0.002262
-0.003026
-0.003363
-0.003041
-0.001659
-0.001580
-0.001212
-0.000578
0.000358
0.001146
0.002395
0.003061
0.003161
0.002961
0.002219
0.001692
0.000860
-0.000460
-0.000926
-0.001305
-0.001430
-0.002289
-0.002899
-0.003029
-0.001831
-0.001757
-0.001797
-0.000745
-0.000178
0.001238
0.002782
0.002617
0.002341
0.003175
0.003695
0.002338
0.002121
0.000295
-0.000733
-0.002213
-0.003882
-0.004662
-0.004351
-0.003280
-0.001646
0.000215
0.002525
0.003117
0.003312
0.003533
0.002116
0.001044
-0.000285
-0.001674
-0.002638
-0.003565
-0.004180
-0.003210
-0.000278
0.001649
0.003738
0.004836
0.005119
0.004501
0.002694
0.000678
-0.001564
-0.002920
-0.003476
-0.004810
-0.004995
-0.004428
-0.003217
-0.001610
0.000562
0.002051
0.003155
0.003271
0.002927
0.002526
0.002806
0.002614
0.001752
0.000954
0.000752
-0.000735
-0.000741
-0.001799
-0.001966
-0.002213
-0.002772
-0.002706
-0.002246
-0.002214
-0.001549
-0.000614
0.000449
0.002057
0.002800
0.001869
0.001337
0.001586
0.001904
0.001754
0.001315
0.001874
0.000346
-0.000918
-0.001080
-0.001666
-0.001343
-0.001211
-0.001446
-0.001408
-0.001208
-0.000822
-0.000403
-0.000034
0.000995
0.001299
0.000893
0.000773
0.000072
-0.000797
-0.001162
-0.001646
-0.000747
0.000214
0.000444
0.000934
0.001553
0.001818
0.002570
0.002255
0.002605
0.001893
0.000783
0.000324
-0.001253
-0.002979
-0.003413
-0.003633
-0.003896
-0.004506
-0.003929
-0.002826
-0.002212
-0.000070
0.003122
0.003800
0.005166
0.006622
0.007121
0.005799
0.003668
0.000931
-0.001154
-0.002802
-0.003963
-0.005253
-0.005629
-0.004926
-0.003600
-0.001953
0.000169
0.002153
0.003258
0.003098
0.001251
0.000477
-0.000784
-0.001326
-0.000804
-0.000413
0.000123
0.000825
0.001060
0.001665
0.001556
0.000894
0.001657
0.002077
0.001027
-0.000172
-0.001500
-0.002197
-0.001823
-0.000331
0.000791
0.000555
0.000392
0.000090
-0.001430
-0.002461
-0.003099
-0.002912
-0.002206
-0.001289
-0.000483
-0.000723
-0.000063
0.001523
0.002630
0.003532
0.004937
0.005186
0.004229
0.003181
0.002197
0.001305
0.000249
-0.001451
-0.003007
-0.004030
-0.004964
-0.005426
-0.005592
-0.005058
-0.004248
-0.002413
-0.000190
0.001768
0.003442
0.004459
0.004697
0.004799
0.004008
0.002984
0.002623
0.000571
-0.000945
-0.001013
-0.001234
-0.002493
-0.002258
-0.002386
-0.001359
0.000365
0.000979
0.001347
0.002123
0.001239
0.000792
0.000321
-0.000442
-0.001488
-0.003155
-0.004021
-0.004405
-0.003959
-0.003307
-0.001489
0.000504
0.002148
0.003587
0.003832
0.004305
0.004284
0.003699
0.003139
0.001739
0.001354
0.000368
-0.000216
-0.000191
0.000058
0.000745
0.000196
-0.001069
-0.003582
-0.004859
-0.005480
-0.005933
-0.006085
-0.004825
-0.002876
-0.001016
0.000681
0.002595
0.004305
0.005592
0.006926
0.006702
0.004410
0.002675
0.002243
0.000436
-0.000857
-0.001129
-0.001492
-0.001662
-0.002086
-0.002434
-0.002419
-0.001892
-0.001535
0.000192
0.000614
0.001026
0.001040
0.001216
0.000639
-0.000283
-0.001057
-0.002169
-0.003531
-0.004233
-0.005226
-0.004518
-0.003103
-0.000285
0.001895
0.003354
0.005090
0.006269
0.007128
0.006616
0.005644
0.003926
0.002595
0.002140
0.000633
-0.001581
-0.003250
-0.003416
-0.004440
-0.005053
-0.004346
-0.003599
-0.003683
-0.004290
-0.004482
-0.003173
-0.002653
-0.001297
0.000258
0.002141
0.002122
0.002702
0.003704
0.003568
0.004029
0.004416
0.003876
0.004261
0.002439
0.000980
-0.000035
-0.001740
-0.002292
-0.001435
-0.001365
-0.000250
0.000851
0.001092
0.000005
0.000258
0.000404
0.000251
-0.000212
-0.001624
-0.002664
-0.003097
-0.003806
-0.003547
-0.003861
-0.004618
-0.003614
-0.004196
-0.003052
-0.001087
-0.000274
0.000417
0.001916
0.004616
0.007001
0.008876
0.010025
0.010106
0.008646
0.006435
0.003284
-0.000068
-0.001626
-0.004052
-0.005335
-0.005956
-0.005588
-0.005230
-0.005352
-0.004374
-0.003707
-0.002189
-0.001362
-0.001317
-0.001421
-0.001688
-0.001142
-0.000106
0.000443
0.001653
0.000499
-0.000307
0.000438
-0.000062
0.000086
0.000114
0.000008
0.001766
0.003160
0.003327
0.003916
0.004615
0.004484
0.005253
0.004485
0.003076
0.001996
0.001855
0.001378
0.001221
0.001176
0.000259
-0.000611
-0.002176
-0.004314
-0.006126
-0.007598
-0.008519
-0.009763
-0.009864
-0.008896
-0.007503
-0.005581
-0.001908
0.000490
0.002201
0.004169
0.006035
0.007604
0.007433
0.007716
0.007152
0.005870
0.003967
0.002786
0.002109
0.001261
0.000473
0.000491
0.000151
-0.000017
-0.000022
0.001314
0.001877
0.002387
0.002064
0.001709
0.001894
0.001274
-0.000445
-0.000898
-0.001791
-0.003562
-0.004569
-0.006448
-0.008489
-0.009973
-0.010365
-0.009349
-0.008212
-0.006453
-0.005809
-0.004172
-0.001104
0.001906
0.003634
0.004182
0.006264
0.006137
0.005443
0.006253
0.006807
0.007565
0.008490
0.009449
0.009031
0.008222
0.007106
0.004724
0.002003
0.000655
-0.000260
-0.001139
-0.001848
-0.003484
-0.003442
-0.003796
-0.002475
-0.003253
-0.002612
-0.001925
-0.002142
-0.002554
-0.002773
-0.003248
-0.004342
-0.004874
-0.005545
-0.005790
-0.007066
-0.008551
-0.010546
-0.011427
-0.011035
-0.010120
-0.007259
-0.003022
0.000236
0.004046
0.006283
0.008123
0.010473
0.011646
0.012104
0.012457
0.012524
0.011628
0.011362
0.010117
0.009195
0.007873
0.005960
0.004220
0.002490
0.001865
0.000783
-0.000161
-0.000557
-0.001730
-0.000754
0.000033
-0.000188
-0.000804
-0.000761
-0.002074
-0.004150
-0.005849
-0.007020
-0.008779
-0.008877
-0.009650
-0.010527
-0.010793
-0.010973
-0.011250
-0.012473
-0.013020
-0.012355
-0.011009
-0.010566
-0.011049
-0.009723
-0.007495
-0.005517
-0.002081
0.001489
0.004916
0.007405
0.010470
0.012779
0.014116
0.016231
0.017053
0.016665
0.015386
0.013251
0.012345
0.011389
0.011394
0.010248
0.009450
0.008634
0.008829
0.008508
0.008749
0.008830
0.008897
0.009600
0.009921
0.011204
0.010660
0.009576
0.008185
0.005607
0.002343
-0.001159
-0.005200
-0.008951
-0.012414
-0.015458
-0.017742
-0.019585
-0.021213
-0.022672
-0.023936
-0.024130
-0.023720
-0.024473
-0.024605
-0.024693
-0.023673
-0.021017
-0.019563
-0.018296
-0.017276
-0.016357
-0.015156
-0.014903
-0.013113
-0.011357
-0.010067
-0.008157
-0.006320
-0.004596
-0.002964
-0.001923
-0.000328
0.001586
0.002306
0.003481
0.005452
0.007852
0.012055
0.016904
0.022157
0.027399
0.031560
0.035159
0.038557
0.040600
0.042715
0.045284
0.047603
0.048173
0.048785
0.049160
0.048254
0.045871
0.044988
0.042799
0.039906
0.038031
0.036967
0.036360
0.036290
0.035472
0.035973
0.036176
0.035570
0.035081
0.034344
0.033104
0.030763
0.026673
0.021142
0.016137
0.012508
0.007453
0.001682
-0.003511
-0.009442
-0.016829
-0.023463
-0.030803
-0.037991
-0.044980
-0.051725
-0.058061
-0.064325
-0.072219
-0.079437
-0.086931
-0.093614
-0.099879
-0.105877
-0.112693
-0.119164
-0.125653
-0.132976
-0.140466
-0.148687
-0.156177
-0.163593
-0.171414
-0.179278
-0.188268
-0.199081
-0.209353
-0.219830
-0.230927
-0.242396
-0.253258
-0.263293
-0.272878
-0.282216
-0.290771
-0.298925
-0.306247
-0.312302
-0.319024
-0.326311
-0.332794
-0.340303
-0.346974
-0.353233
-0.360630
-0.368904
-0.377070
-0.386670
-0.396674
-0.406570
-0.416705
-0.427286
-0.437970
-0.447708
-0.456650
-0.464943
-0.473443
-0.480998
-0.488898
-0.498007
-0.505924
-0.512216
-0.519109
-0.525963
-0.532251
-0.538011
-0.543046
-0.548866
-0.555661
-0.561323
-0.567540
-0.575048
-0.580667
-0.586841
-0.593269
-0.599907
-0.606271
-0.611995
-0.617661
-0.624635
-0.632446
-0.640777
-0.649804
-0.657957
-0.666173
-0.672942
-0.678776
-0.683704
-0.688690
-0.692807
-0.697493
-0.699828
-0.702800
-0.705448
-0.708491
-0.711092
-0.713462
-0.715170
-0.716024
-0.718687
-0.721779
-0.725294
-0.729869
-0.735213
-0.740879
-0.746249
-0.751501
-0.757619
-0.762199
-0.767172
-0.770460
-0.772876
-0.776086
-0.779170
-0.781531
-0.783297
-0.784945
-0.785105
-0.784875
-0.784982
-0.786006
-0.786326
-0.786552
-0.786452
-0.786165
-0.785144
-0.784167
-0.783653
-0.783438
-0.783484
-0.783956
-0.784110
-0.784298
-0.784154
-0.784480
-0.784349
-0.784976
-0.785858
-0.787805
-0.788798
-0.790123
-0.791165
-0.791415
-0.792209
-0.791389
-0.789289
-0.787608
-0.784690
-0.781785
-0.777480
-0.772851
-0.768233
-0.762207
-0.756049
-0.749936
-0.746266
-0.742665
-0.738319
-0.733280
-0.729009
-0.726546
-0.724038
-0.721796
-0.720265
-0.719525
-0.718194
-0.715840
-0.713919
-0.709280
-0.705701
-0.702998
-0.699648
-0.695767
-0.691843
-0.686577
-0.681833
-0.675289
-0.667856
-0.661601
-0.654678
-0.647453
-0.640670
-0.634254
-0.627106
-0.620503
-0.613167
-0.603973
-0.595755
-0.587495
-0.578781
-0.570090
-0.562266
-0.555691
-0.549832
-0.543372
-0.538553
-0.532533
-0.527197
-0.523265
-0.517415
-0.511738
-0.506637
-0.501140
-0.495633
-0.491317
-0.486163
-0.479021
-0.471123
-0.462052
-0.452259
-0.440830
-0.430337
-0.418040
-0.406489
-0.396021
-0.385269
-0.375046
-0.363642
-0.353398
-0.342248
-0.331908
-0.322785
-0.313195
-0.304549
-0.296084
-0.288175
-0.280157
-0.272061
-0.264391
-0.256894
-0.249273
-0.241771
-0.233338
-0.225061
-0.217112
-0.208687
-0.201816
-0.194507
-0.185103
-0.176738
-0.168888
-0.159857
-0.150279
-0.140517
-0.130248
-0.119371
-0.107650
-0.095867
-0.082746
-0.069735
-0.056581
-0.043889
-0.030871
-0.018131
-0.005243
0.007405
0.018898
0.029889
0.039878
0.049348
0.059127
0.067289
0.074064
0.081221
0.088437
0.094504
0.101332
0.108665
0.116596
0.123259
0.130169
0.137451
0.146047
0.155458
0.164528
0.174952
0.184640
0.193715
0.203559
0.213998
0.225152
0.235506
0.246643
0.257345
0.268961
0.279947
0.290670
0.302740
0.315361
0.326491
0.338188
0.350110
0.361316
0.373190
0.383844
0.393295
0.401717
0.410487
0.419592
0.428049
0.436440
0.443130
0.446810
0.450488
0.453776
0.458242
0.461247
0.465983
0.471248
0.476448
0.482535
0.487980
0.493529
0.499208
0.504916
0.512288
0.519668
0.528419
0.538579
0.548085
0.557778
0.568064
0.576894
0.585032
0.593096
0.602283
0.611002
0.619611
0.628843
0.637378
0.646702
0.655052
0.663155
0.671108
0.678587
0.685822
0.692372
0.697931
0.702625
0.708076
0.713065
0.717117
0.720410
0.723371
0.724200
0.723584
0.723517
0.722502
0.721988
0.721930
0.721104
0.720545
0.720810
0.720058
0.720252
0.721805
0.723279
0.724678
0.727339
0.730709
0.735129
0.739303
0.744046
0.748739
0.752438
0.757402
0.761868
0.768175
0.772969
0.777146
0.783068
0.787387
0.790978
0.795336
0.799526
0.803714
0.808188
0.812368
0.816022
0.819495
0.823016
0.825272
0.826553
0.827452
0.828951
0.828913
0.827330
0.825020
0.822493
0.818852
0.813644
0.808449
0.802589
0.795369
0.787797
0.780626
0.773335
0.765962
0.757970
0.750740
0.744018
0.736702
0.729825
0.723996
0.718644
0.713520
0.709348
0.705707
0.701809
0.697419
0.693229
0.689628
0.686321
0.683324
0.679843
0.678770
0.677663
0.676615
0.675206
0.674364
0.672934
0.671818
0.672343
0.673128
0.673845
0.676333
0.678399
0.681378
0.683845
0.684379
0.684646
0.683744
0.683869
0.683994
0.682805
0.680409
0.678291
0.674543
0.669442
0.663826
0.656779
0.649837
0.641616
0.631818
0.621987
0.612581
0.602170
0.591535
0.580332
0.569298
0.556897
0.544582
0.531512
0.516664
0.502258
0.487355
0.471592
0.455828
0.439230
0.423513
0.407407
0.389517
0.370137
0.351205
0.332036
0.313984
0.295345
0.277551
0.261123
0.244711
0.228718
0.213072
0.197368
0.183184
0.169012
0.156141
0.145019
0.134404
0.124732
0.115317
0.105552
0.096373
0.088606
0.080993
0.074060
0.067617
0.061888
0.058032
0.053773
0.048792
0.045829
0.043867
0.042508
0.043056
0.044214
0.045424
0.049885
0.054750
0.059242
0.064585
0.072080
0.080060
0.089374
0.099056
0.109558
0.119328
0.130309
0.141868
0.154262
0.166235
0.178025
0.190238
0.202876
0.216566
0.230787
0.244075
0.257435
0.271525
0.286734
0.303084
0.319934
0.336655
0.354494
0.372335
0.390055
0.408881
0.427632
0.446779
0.467614
0.487495
0.507633
0.526945
0.546474
0.566735
0.587242
0.606102
0.624512
0.641797
0.659942
0.679026
0.697635
0.716660
0.735960
0.753211
0.771407
0.790847
0.809042
0.827314
0.846503
0.865453
0.884735
0.905385
0.926168
0.946434
0.966514
0.986476
1.005449
1.023393
1.041462
1.060032
1.078958
1.097313
1.114971
1.132602
1.148882
1.164817
1.179627
1.195142
1.210132
1.224698
1.239642
1.256382
1.271109
1.285882
1.301832
1.317168
1.332237
1.347385
1.362690
1.378183
1.393891
1.408769
1.423562
1.438987
1.453354
1.467561
1.481304
1.493686
1.506767
1.518451
1.529827
1.540494
1.550505
1.560965
1.570698
1.580208
1.589916
1.599619
1.607640
1.615794
1.624345
1.632868
1.641801
1.650975
1.660043
1.669493
1.678325
1.686862
1.695150
1.703184
1.711167
1.718694
1.727128
1.734645
1.740776
1.746722
1.752513
1.756337
1.760185
1.763636
1.767471
1.770169
1.772815
1.775114
1.776335
1.777844
1.778561
1.778999
1.779193
1.780491
1.781895
1.783336
1.784805
1.786071
1.786548
1.786825
1.787008
1.787548
1.788444
1.788626
1.789149
1.788729
1.787331
1.786102
1.783498
1.779862
1.777784
1.774050
1.769091
1.764330
1.758638
1.753715
1.746929
1.739990
1.732276
1.725073
1.718609
1.711594
1.705006
1.697046
1.689150
1.681241
1.673302
1.666141
1.659299
1.652461
1.645207
1.638319
1.630757
1.622478
1.614282
1.605026
1.594999
1.585522
1.575840
1.565917
1.555634
1.544757
1.532917
1.520079
1.505349
1.490754
1.476229
1.462525
1.448626
1.434306
1.418223
1.403853
1.389848
1.374438
1.358406
1.342698
1.327597
1.311538
1.296604
1.283377
1.270047
1.255461
1.242007
1.226242
1.210054
1.194969
1.179077
1.163398
1.148082
1.131663
1.115100
1.098835
1.081090
1.063394
1.043677
1.023905
1.003109
0.982177
0.962531
0.942526
0.923616
0.902338
0.880967
0.859539
0.837159
0.815700
0.793891
0.773568
0.753512
0.734301
0.714104
0.693712
0.674106
0.654364
0.633926
0.613385
0.594172
0.575154
0.556232
0.536886
0.518222
0.498147
0.475802
0.454642
0.433600
0.411932
0.389742
0.368479
0.347149
0.324055
0.300579
0.276657
0.251630
0.226925
0.202942
0.178892
0.155299
0.131932
0.107945
0.083601
0.060258
0.036133
0.012345
-0.010560
-0.033247
-0.054638
-0.075922
-0.097500
-0.118175
-0.139071
-0.160355
-0.181604
-0.202101
-0.222114
-0.242193
-0.262404
-0.282576
-0.303443
-0.323731
-0.346041
-0.367441
-0.387991
-0.409475
-0.431875
-0.454483
-0.476224
-0.499629
-0.523504
-0.546639
-0.569668
-0.592484
-0.616015
-0.638491
-0.660959
-0.683878
-0.707527
-0.729880
-0.752660
-0.774702
-0.795128
-0.815005
-0.834321
-0.853986
-0.872746
-0.892614
-0.911160
-0.929204
-0.947900
-0.964790
-0.981703
-0.996755
-1.012430
-1.028276
-1.044212
-1.061005
-1.078015
-1.094834
-1.111734
-1.127029
-1.143475
-1.159005
-1.174875
-1.192008
-1.209028
-1.226828
-1.245271
-1.262854
-1.280306
-1.298673
-1.315919
-1.332157
-1.348463
-1.365808
-1.382374
-1.399805
-1.416836
-1.433487
-1.448874
-1.463231
-1.476985
-1.490669
-1.503494
-1.515590
-1.527637
-1.539494
-1.550416
-1.561643
-1.571726
-1.580324
-1.588499
-1.596360
-1.603213
-1.610246
-1.617850
-1.624903
-1.632316
-1.639231
-1.644976
-1.650901
-1.657106
-1.663194
-1.668545
-1.674692
-1.681272
-1.688359
-1.695668
-1.702585
-1.710111
-1.715584
-1.722436
-1.728777
-1.735821
-1.743546
-1.750371
-1.759101
-1.765257
-1.770986
-1.777729
-1.783367
-1.788486
-1.794153
-1.798259
-1.803058
-1.807011
-1.810816
-1.813984
-1.816202
-1.816473
-1.816363
-1.815331
-1.814437
-1.814271
-1.813665
-1.811123
-1.807088
-1.802674
-1.797568
-1.792238
-1.786196
-1.780242
-1.773918
-1.767656
-1.759898
-1.752435
-1.745663
-1.737612
-1.728774
-1.719748
-1.711210
-1.702174
-1.694303
-1.687909
-1.680600
-1.672511
-1.663528
-1.654945
-1.647019
-1.639689
-1.633200
-1.626492
-1.619805
-1.612330
-1.605609
-1.599579
-1.593187
-1.586268
-1.579993
-1.573081
-1.565722
-1.559537
-1.553246
-1.546066
-1.540092
-1.531338
-1.523282
-1.514158
-1.505340
-1.497722
-1.488129
-1.477604
-1.466891
-1.455229
-1.442893
-1.430800
-1.417701
-1.404742
-1.390301
-1.374056
-1.357896
-1.342267
-1.324578
-1.306313
-1.287996
-1.269272
-1.249073
-1.228619
-1.207737
-1.186105
-1.163948
-1.141382
-1.117555
-1.093610
-1.069899
-1.046683
-1.022627
-0.997441
-0.971658
-0.945822
-0.920579
-0.895469
-0.868993
-0.843630
-0.818534
-0.793237
-0.767744
-0.742569
-0.716229
-0.690499
-0.666141
-0.641002
-0.616682
-0.593838
-0.570335
-0.546674
-0.522980
-0.499791
-0.477287
-0.454811
-0.432333
-0.412145
-0.392139
-0.372320
-0.351914
-0.331242
-0.311956
-0.293622
-0.273724
-0.255409
-0.237007
-0.219996
-0.204825
-0.189406
-0.171234
-0.153742
-0.137172
-0.120732
-0.105101
-0.089918
-0.075104
-0.060712
-0.046232
-0.031104
-0.015392
0.000000
